############################################################
Jul 04 2019 17:39:35:1562261975 - Starting Producer Process...
Jul 04 2019 17:41:45:1562262105 - Starting Creating Tasks...
Jul 04 2019 17:42:21:1562262141 - Total of Tasks Created: 13233
Jul 04 2019 17:42:21:1562262141 - Getting Tasks Done...
Jul 04 2019 17:59:26:1562263166 - Total of Tasks Finished: 13233
Jul 04 2019 17:59:26:1562263166 - Calculating Average Vectors...
Jul 04 2019 17:59:26:1562263166 - Total of Photos Processed: 13170
Jul 04 2019 17:59:26:1562263166 - Result of calculation the average of values:
[-9.14782873e-02  1.16529173e-01  1.24739484e-02 -4.87357295e-03
 -7.64022485e-02 -5.12338763e-03 -5.91263196e-03 -1.20411217e-01
  8.06266393e-02 -1.30041725e-02  2.19767796e-01 -6.30949522e-02
 -3.00631403e-01 -4.73570373e-02 -1.53999909e-02  1.29851877e-01
 -1.93632883e-01 -7.03056175e-02 -1.81564300e-01 -6.77238636e-02
 -3.48251773e-02  2.89526970e-02  4.01914614e-02 -1.24878153e-03
 -7.43932220e-02 -3.22219928e-01 -5.02656177e-02 -8.97978259e-02
  5.21966829e-02 -7.85785998e-02  1.03443968e-02  4.68965026e-02
 -2.01259572e-01 -7.57496400e-02  3.56489605e-02 -1.62831362e-02
 -6.61719763e-02 -6.93938274e-02  2.43822690e-01  5.72684658e-03
 -1.18857609e-01 -5.18812427e-03  6.30180334e-02  2.27280121e-01
  2.38319930e-01  2.24391399e-02  1.00741154e-02 -8.59901212e-02
  8.00377724e-02 -2.78762068e-01  1.76054747e-02  1.63331445e-01
  1.28117116e-01  5.09446000e-02  9.55198801e-02 -1.46233060e-01
 -5.87715414e-03  1.08365405e-01 -1.46253113e-01  3.84506953e-02
  3.71952591e-02 -7.58094405e-02 -4.17567407e-02 -6.21057401e-02
  1.35985226e-01  4.86549617e-02 -6.38772118e-02 -1.22995454e-01
  1.66152716e-01 -1.32430966e-01 -6.21145616e-02  2.96302935e-02
 -6.69127676e-02 -1.96030891e-01 -3.12722568e-01  1.85203480e-02
  3.22238571e-01  1.40385874e-01 -2.11475301e-01  6.55279486e-04
 -6.08998531e-02 -9.11745953e-02  4.87538214e-02  1.15339450e-02
 -8.66129840e-02 -1.15339318e-01 -9.13018480e-02  2.12021446e-02
  2.06243470e-01 -5.63902479e-02 -1.51062217e-02  1.96088861e-01
 -1.35765360e-02 -5.51577760e-02  2.70788466e-02  2.71301701e-02
 -1.04843079e-01 -6.85525124e-03 -1.31720495e-01 -6.98822616e-03
  7.44074771e-02 -1.03052152e-01 -1.64584187e-03  1.10587146e-01
 -1.91175313e-01  1.11058030e-01 -2.44834974e-02 -7.86092168e-02
 -8.42990351e-03 -9.05520684e-02 -9.67876883e-02  3.16291520e-02
  1.97211598e-01 -2.24565128e-01  2.27383363e-01  1.94193628e-01
 -3.77088829e-02  1.12419751e-01  5.70327681e-02  4.36559534e-02
 -6.87037407e-03  2.56834106e-02 -1.66926378e-01 -1.58188152e-01
  4.85156147e-02 -3.01366078e-04  1.58843200e-03  1.68875411e-02]
############################################################
